Diagnóstico iniciado
bounds_vertices: [-45.57126617 -21.61203003 -45.56346512 -21.60756683]
bounds_buildings: [-45.57241821 -21.61219025 -45.56481934 -21.60832024]
